# ADPCM 黄金测试向量（单一数据源）
#
# 由 conformance/gen-adpcm-vectors.mjs 用 Node 侧 js/adpcm.js 生成。
# Node 侧 test/l0-adpcm.test.mjs 与 C# 侧 --selftest 读同一份，防止两套实现漂移。
#
# 格式： [p=<predictor>,i=<stepIndex>|] <hex bytes> -> <s0>,<s1>,...
# 方括号内可省略，省略表示 predictor=0, stepIndex=0。
# 注意：IMA ADPCM 帧间状态必须连续传递，这是 ATVV 与普通 ADPCM 最大的差别。

# 手算锚点 高nibble=0 → 0，低nibble=7 → 11
07 -> 0,11

# 手算锚点 高nibble=7 → 11，索引推进后再解 0 → 13
70 -> 11,13

# code 全 0 仍有 step>>3 项
00 -> 0,0

# 最大步进
77 -> 11,41

# 连续 8 个 nibble 同向
77777777 -> 11,41,104,240,533,1164,2521,5431

# 负向步进
080808 -> 0,0,0,0,0,0

# 整帧 120 字节全 0（= 240 样本）
000000000000000000000000000000000000000000000000000000000000000000000000000000000000000000000000000000000000000000000000000000000000000000000000000000000000000000000000000000000000000000000000000000000000000000000000000000000000000000000000 -> 0,0,0,0,0,0,0,0,0,0,0,0,0,0,0,0,0,0,0,0,0,0,0,0,0,0,0,0,0,0,0,0,0,0,0,0,0,0,0,0,0,0,0,0,0,0,0,0,0,0,0,0,0,0,0,0,0,0,0,0,0,0,0,0,0,0,0,0,0,0,0,0,0,0,0,0,0,0,0,0,0,0,0,0,0,0,0,0,0,0,0,0,0,0,0,0,0,0,0,0,0,0,0,0,0,0,0,0,0,0,0,0,0,0,0,0,0,0,0,0,0,0,0,0,0,0,0,0,0,0,0,0,0,0,0,0,0,0,0,0,0,0,0,0,0,0,0,0,0,0,0,0,0,0,0,0,0,0,0,0,0,0,0,0,0,0,0,0,0,0,0,0,0,0,0,0,0,0,0,0,0,0,0,0,0,0,0,0,0,0,0,0,0,0,0,0,0,0,0,0,0,0,0,0,0,0,0,0,0,0,0,0,0,0,0,0,0,0,0,0,0,0,0,0,0,0,0,0,0,0,0,0,0,0,0,0,0,0,0,0

# 整帧 120 字节全 0xFF
ffffffffffffffffffffffffffffffffffffffffffffffffffffffffffffffffffffffffffffffffffffffffffffffffffffffffffffffffffffffffffffffffffffffffffffffffffffffffffffffffffffffffffffffffffffffffffffffffffffffffffffffffffffffffffffffffffffffffffffffff -> -11,-41,-104,-240,-533,-1164,-2521,-5431,-11667,-25039,-32768,-32768,-32768,-32768,-32768,-32768,-32768,-32768,-32768,-32768,-32768,-32768,-32768,-32768,-32768,-32768,-32768,-32768,-32768,-32768,-32768,-32768,-32768,-32768,-32768,-32768,-32768,-32768,-32768,-32768,-32768,-32768,-32768,-32768,-32768,-32768,-32768,-32768,-32768,-32768,-32768,-32768,-32768,-32768,-32768,-32768,-32768,-32768,-32768,-32768,-32768,-32768,-32768,-32768,-32768,-32768,-32768,-32768,-32768,-32768,-32768,-32768,-32768,-32768,-32768,-32768,-32768,-32768,-32768,-32768,-32768,-32768,-32768,-32768,-32768,-32768,-32768,-32768,-32768,-32768,-32768,-32768,-32768,-32768,-32768,-32768,-32768,-32768,-32768,-32768,-32768,-32768,-32768,-32768,-32768,-32768,-32768,-32768,-32768,-32768,-32768,-32768,-32768,-32768,-32768,-32768,-32768,-32768,-32768,-32768,-32768,-32768,-32768,-32768,-32768,-32768,-32768,-32768,-32768,-32768,-32768,-32768,-32768,-32768,-32768,-32768,-32768,-32768,-32768,-32768,-32768,-32768,-32768,-32768,-32768,-32768,-32768,-32768,-32768,-32768,-32768,-32768,-32768,-32768,-32768,-32768,-32768,-32768,-32768,-32768,-32768,-32768,-32768,-32768,-32768,-32768,-32768,-32768,-32768,-32768,-32768,-32768,-32768,-32768,-32768,-32768,-32768,-32768,-32768,-32768,-32768,-32768,-32768,-32768,-32768,-32768,-32768,-32768,-32768,-32768,-32768,-32768,-32768,-32768,-32768,-32768,-32768,-32768,-32768,-32768,-32768,-32768,-32768,-32768,-32768,-32768,-32768,-32768,-32768,-32768,-32768,-32768,-32768,-32768,-32768,-32768,-32768,-32768,-32768,-32768,-32768,-32768,-32768,-32768,-32768,-32768,-32768,-32768,-32768,-32768,-32768,-32768,-32768,-32768,-32768,-32768,-32768,-32768,-32768,-32768

# 伪随机 60 字节
2c76fbf36094885928c1380b3f3c809a812fb12c8e36c564b5bcecb3a8b1ea92ddaba240637f5ec4aa4d2aa9789b7efaacf27a940fa15a3a38e80d25 -> 3,-4,12,42,-21,-84,-207,-84,127,155,77,290,262,236,496,393,550,522,287,381,581,555,578,428,564,298,565,252,210,248,145,-12,-40,38,156,-167,-490,-364,-173,-486,-528,-1026,-550,252,-733,724,3246,6338,3429,7587,3713,-816,-8730,-18438,-27574,-19269,-24662,-25642,-31882,-29451,-32768,-32768,-32768,-27375,-32768,-32768,-32768,-32768,-32768,-24872,-11950,-10213,10318,29904,32767,-28669,16384,-32768,-32768,4094,-16384,-32768,-2297,-32768,-12290,-30911,-32768,-32768,9203,5108,-6064,-29763,16403,-32768,-32768,-32768,-32768,-32768,-32768,-12290,32767,12289,1117,31588,32767,-23096,-32768,-21596,15646,-4832,21237,4309,25852,23054,-10014,-14109,-10385,-32768,-12290,28676

# 非零起始状态 stepIndex=20
p=0,i=20|00000000 -> 6,11,16,20,24,27,30,33

# 非零起始状态 predictor=-1234 index=42
p=-1234,i=42|0077 -> -1183,-1137,-506,851

# 越界入参应被钳位后再解
p=99999,i=-5|7f00 -> 32767,32737,32741,32744
